series: [{
name: 'Best Individual',
data: [337, 337, 320, 317, 327, 313, 313, 305, 304, 312, 302, 308, 299, 299, 298, 285, 285, 279, 278, 278, 278, 279, 281, 278, 278, 279, 279, 279, 279, 279, 279, 276, 274, 274, 274, 268, 278, 278, 278, 278, 278, 278, 278, 278, 278, 278, 283, 278, 274, 274, 278, 278, 278, 278, 278, 268, 276, 266, 271, 270, 270, 272, 273, 273, 273, 274, 274, 273, 274, 274, 275, 274, 274, 274, 271, 269, 271, 273, 271, 271, 273, 273, 269, 269, 269, 269, 270, 275, 270, 270, 270, 273, 270, 270, 272, 269, 270, 270, 270, 269, 269]
 }, {
name: 'Average Individual',
data: [425.49, 425.49, 404.13, 375.99, 381.96, 374.3, 372.43, 365.32, 360.46, 359.32, 359.61, 348.2, 343.05, 337.07, 339.34, 339.45, 333.35, 322.99, 317.27, 332.81, 337.34, 325.78, 328.56, 322.98, 310.23, 323.68, 326.76, 337.1, 331.99, 323.44, 314.38, 313.24, 317.13, 312.3, 311.63, 309.89, 312.79, 311.1, 312.77, 309.75, 332.44, 326.05, 322.72, 322.23, 322.99, 326.65, 326.42, 323.94, 320.16, 325.53, 327.16, 342.29, 331.92, 337.42, 321.91, 308.69, 311.23, 313.2, 322.51, 319.86, 309.08, 313.39, 316.83, 317.0, 314.26, 317.16, 322.54, 319.68, 315.99, 315.74, 320.48, 307.0, 306.61, 316.64, 317.93, 315.65, 308.15, 318.94, 321.02, 321.85, 322.68, 336.26, 311.81, 315.85, 314.89, 305.87, 316.16, 310.27, 326.78, 339.21, 321.71, 332.01, 322.79, 314.55, 314.85, 321.97, 320.45, 318.64, 306.92, 312.26, 322.19]
 }, {
name: 'Worst Individual',
data: [602, 602, 602, 602, 596, 621, 647, 573, 564, 561, 669, 582, 513, 510, 510, 503, 503, 503, 503, 503, 502, 504, 544, 523, 523, 508, 549, 517, 508, 528, 528, 528, 449, 449, 433, 433, 457, 457, 451, 451, 451, 486, 486, 486, 500, 521, 521, 493, 493, 493, 489, 526, 544, 544, 526, 526, 506, 506, 506, 476, 476, 476, 484, 475, 475, 464, 447, 475, 475, 487, 487, 522, 412, 444, 444, 475, 492, 519, 519, 501, 517, 558, 557, 557, 557, 557, 557, 584, 605, 594, 594, 598, 584, 613, 598, 598, 566, 566, 495, 494, 481]
 }]
