series: [{
name: 'Best Individual',
data: [349, 349, 337, 336, 331, 328, 328, 326, 320, 319, 311, 311, 315, 315, 308, 308, 303, 303, 303, 299, 295, 293, 293, 293, 293, 292, 292, 288, 288, 288, 288, 288, 286, 288, 287, 288, 288, 286, 286, 286, 286, 279, 277, 277, 277, 277, 276, 276, 277, 275, 275, 275, 275, 275, 271, 275, 275, 272, 275, 275, 275, 275, 275, 275, 275, 275, 274, 274, 274, 275, 275, 275, 275, 275, 275, 275, 275, 275, 275, 275, 272, 272, 272, 272, 272, 272, 272, 272, 272, 271, 271, 271, 271, 271, 271, 271, 271, 271, 271, 271, 271]
 }, {
name: 'Average Individual',
data: [395.34, 395.34, 402.85, 367.41, 356.94, 376.8, 353.24, 342.52, 358.36, 339.84, 338.19, 338.43, 333.87, 338.95, 335.28, 340.2, 325.17, 326.27, 332.76, 324.76, 323.9, 324.94, 322.83, 317.42, 315.33, 313.35, 315.38, 311.51, 324.95, 311.01, 307.47, 310.86, 311.23, 311.25, 311.88, 318.27, 316.1, 314.73, 303.86, 309.96, 308.84, 308.39, 307.95, 301.18, 302.44, 303.64, 305.13, 302.01, 304.49, 303.06, 299.86, 306.94, 298.29, 303.12, 295.88, 300.97, 301.61, 304.26, 298.93, 296.26, 295.43, 295.44, 305.41, 297.68, 293.29, 295.13, 298.54, 301.9, 305.35, 304.55, 300.63, 297.49, 304.51, 303.37, 304.07, 296.83, 296.05, 303.4, 305.05, 293.46, 301.24, 295.28, 305.0, 298.53, 299.44, 294.91, 297.39, 294.94, 294.14, 289.99, 297.44, 296.2, 294.46, 293.81, 298.5, 294.21, 299.19, 298.73, 297.85, 301.54, 294.26]
 }, {
name: 'Worst Individual',
data: [546, 546, 481, 506, 421, 481, 423, 379, 412, 390, 380, 397, 381, 388, 388, 392, 365, 394, 388, 381, 382, 361, 391, 369, 363, 360, 393, 373, 435, 362, 342, 354, 384, 369, 394, 416, 406, 375, 366, 367, 357, 355, 376, 425, 334, 371, 367, 375, 341, 348, 358, 342, 336, 332, 358, 380, 383, 352, 331, 327, 327, 345, 349, 349, 315, 329, 342, 358, 342, 363, 388, 344, 351, 343, 331, 319, 339, 341, 378, 328, 356, 326, 370, 360, 373, 364, 360, 348, 339, 325, 343, 338, 332, 358, 335, 337, 385, 332, 343, 386, 345]
 }]
