series: {[,
name: 'Best Individual',
data: [250, 250, 250, 250, 239, 236, 236, 227, 227, 220, 220, 228, 224, 224, 224, 230, 223, 226, 223, 223, 223, 213, 221, 218, 218, 215, 213, 208, 209, 208, 207, 208, 203, 208, 207, 203, 203, 195, 202, 193, 202, 202, 197, 201, 197, 197, 196, 196, 198, 195, 195, 195, 195, 197, 197, 189, 193, 193, 193, 186, 186, 190, 190, 190, 189, 186, 189, 189, 189, 185, 194, 185, 185, 184, 184, 188, 188, 189, 188, 187, 185, 185, 187, 187, 187, 189, 187, 187, 185, 187, 190, 189, 190, 188, 190, 190, 191, 191, 199, 186, 186]
 }, {
name: 'Average Individual',
data: [343.88, 343.88, 332.77, 333.12, 328.07, 320.86, 312.35, 312.63, 308.42, 305.31, 302.92, 290.33, 284.82, 282.24, 286.76, 280.63, 281.68, 283.64, 282.07, 274.12, 274.09, 270.91, 268.93, 267.21, 266.79, 270.6, 269.53, 260.69, 262.7, 260.69, 262.56, 262.98, 257.01, 256.28, 258.63, 255.42, 251.74, 246.85, 251.66, 253.67, 257.8, 262.63, 260.89, 265.7, 264.35, 257.97, 258.64, 258.06, 246.18, 264.14, 262.75, 261.82, 248.18, 264.33, 258.79, 255.01, 266.5, 266.94, 259.44, 258.96, 247.18, 248.67, 242.04, 247.04, 251.1, 264.79, 256.77, 250.91, 257.34, 248.87, 256.08, 252.18, 251.74, 253.94, 257.29, 249.2, 260.78, 258.08, 257.27, 259.28, 240.95, 247.42, 247.01, 247.84, 247.22, 251.05, 255.98, 259.81, 257.23, 264.98, 261.14, 271.63, 270.42, 269.46, 270.05, 279.55, 270.89, 270.72, 271.07, 253.17, 252.41]
 }, {
name: 'Worst Individual',
data: [491, 491, 511, 498, 583, 490, 466, 505, 529, 439, 439, 434, 448, 448, 448, 448, 438, 447, 447, 422, 417, 438, 426, 426, 399, 399, 393, 393, 393, 381, 414, 379, 412, 379, 390, 391, 391, 409, 374, 377, 377, 408, 414, 402, 416, 408, 408, 416, 416, 427, 442, 442, 418, 418, 398, 408, 408, 408, 413, 413, 448, 413, 437, 413, 457, 457, 422, 437, 438, 429, 438, 429, 429, 433, 438, 438, 438, 438, 451, 429, 438, 438, 438, 445, 445, 445, 464, 493, 464, 482, 464, 516, 516, 516, 516, 516, 477, 477, 477, 477, 455]
 }]
