1;249;337.27;477;
2;241;313.69;501;
3;238;305.34;477;
4;214;301.91;480;
5;221;297.28;468;
6;221;291.58;493;
7;221;287.86;472;
8;213;268.74;472;
9;213;260.07;446;
10;207;255.0;461;
11;206;251.62;461;
12;206;258.09;461;
13;206;250.9;461;
14;199;253.55;461;
15;199;248.82;450;
16;195;242.09;450;
17;193;247.43;478;
18;193;255.92;478;
19;192;256.14;478;
20;192;241.85;461;
21;190;235.07;452;
22;192;235.06;452;
23;190;235.52;464;
24;190;228.87;462;
25;190;238.14;428;
26;187;239.0;392;
27;187;240.23;413;
28;187;252.7;413;
29;187;229.58;413;
30;185;222.06;397;
31;185;228.9;399;
32;185;237.6;427;
33;184;240.24;440;
34;184;230.79;427;
35;184;242.47;441;
36;184;242.89;441;
37;184;239.69;441;
38;184;232.08;458;
39;180;234.48;438;
40;180;231.01;505;
41;180;238.79;486;
42;180;240.27;486;
43;180;233.93;486;
44;180;215.77;446;
45;180;224.66;446;
46;180;226.91;446;
47;180;226.62;458;
48;180;229.86;458;
49;180;240.96;464;
50;180;227.82;458;
51;180;238.63;448;
52;179;240.67;448;
53;179;242.33;455;
54;179;237.73;425;
55;178;238.95;452;
56;178;228.14;469;
57;178;236.36;469;
58;178;242.97;469;
59;178;239.75;469;
60;178;249.85;469;
61;178;250.34;471;
62;178;245.26;492;
63;178;246.03;517;
64;178;259.44;517;
65;177;269.86;517;
66;174;254.48;517;
67;177;258.22;517;
68;177;239.15;496;
69;175;242.86;478;
70;174;258.95;497;
71;174;262.44;497;
72;174;259.48;507;
73;174;262.72;497;
74;174;237.57;488;
75;176;238.37;483;
76;176;237.96;497;
77;176;226.48;497;
78;174;241.69;497;
79;174;234.34;474;
80;174;232.98;474;
81;174;237.06;487;
82;174;230.0;497;
83;172;232.31;487;
84;172;244.03;529;
85;172;258.13;529;
86;172;242.61;529;
87;171;252.27;506;
88;171;246.72;505;
89;171;264.47;517;
90;171;237.53;505;
91;171;213.13;505;
92;168;225.89;505;
93;168;229.21;505;
94;168;231.46;505;
95;171;236.94;505;
96;171;231.77;505;
97;171;233.14;505;
98;171;240.83;518;
99;171;243.82;505;
100;171;229.73;483;
101;169;219.54;452;
102;169;226.35;452;
103;169;219.91;462;
104;169;236.28;490;
105;169;232.68;490;
106;168;237.89;490;
107;168;234.4;490;
108;168;207.38;459;
109;168;218.62;459;
110;167;216.55;452;
111;167;211.18;452;
112;167;216.14;422;
113;167;212.97;414;
114;167;211.71;452;
115;167;225.63;452;
116;167;228.64;463;
117;167;226.73;478;
118;167;223.5;478;
119;167;225.4;478;
120;166;205.88;478;
121;166;206.25;423;
122;166;221.09;478;
123;166;211.51;478;
124;166;219.5;478;
125;166;244.75;478;
126;166;216.52;478;
127;166;230.23;478;
128;166;232.06;480;
129;166;236.51;480;
130;166;237.95;480;
131;166;238.15;480;
132;166;217.23;480;
133;167;229.65;480;
134;166;235.31;510;
135;167;227.64;510;
136;167;228.87;510;
137;167;226.85;510;
138;167;243.94;510;
139;167;237.6;510;
140;167;241.27;510;
141;167;249.85;533;
142;167;236.01;533;
143;167;241.9;526;
144;167;252.89;526;
145;167;240.71;549;
146;167;247.46;559;
147;167;237.73;549;
148;167;220.51;549;
149;167;229.37;531;
150;167;246.87;542;
151;167;232.27;558;
152;167;241.67;559;
153;167;234.17;556;
154;167;240.56;587;
155;166;262.17;567;
156;166;251.89;584;
157;166;237.84;567;
158;166;247.8;585;
159;166;237.63;587;
160;166;236.88;612;
161;166;223.98;612;
162;166;237.88;575;
163;166;249.48;567;
164;166;231.44;567;
165;166;230.64;596;
166;166;249.69;596;
167;166;262.46;596;
168;166;266.25;596;
169;166;263.25;596;
170;166;250.59;596;
171;166;248.39;596;
172;166;236.67;668;
173;166;218.82;573;
174;166;233.87;553;
175;166;228.57;547;
176;166;235.39;522;
177;166;234.96;510;
178;166;215.25;506;
179;166;211.32;506;
180;166;206.79;531;
181;166;212.19;531;
182;166;214.71;464;
183;166;225.56;464;
184;166;226.5;501;
185;166;233.92;501;
186;166;225.42;506;
187;166;229.61;506;
188;166;231.56;506;
189;166;232.79;506;
190;166;231.81;506;
191;166;248.24;506;
192;166;237.69;536;
193;166;245.03;536;
194;166;235.0;536;
195;166;227.45;536;
196;166;206.55;506;
197;166;225.06;506;
198;166;231.1;506;
199;166;215.3;469;
200;166;221.83;469;
201;166;226.61;469;
202;166;225.14;465;
203;166;236.2;465;
204;166;232.12;465;
205;166;228.46;494;
206;166;231.47;494;
207;166;243.68;519;
208;166;229.51;493;
209;166;241.24;519;
210;166;227.5;504;
211;166;214.68;542;
212;166;228.73;519;
213;166;218.56;504;
214;166;217.47;518;
215;166;208.42;424;
216;166;221.28;449;
217;166;209.82;474;
218;166;210.67;474;
219;166;217.57;474;
220;166;230.97;506;
221;166;229.97;476;
222;166;223.82;476;
223;166;209.64;476;
224;166;206.66;436;
225;166;207.4;462;
226;166;218.75;462;
227;166;218.39;462;
228;166;234.24;462;
229;166;236.85;464;
230;166;224.23;479;
231;166;212.98;479;
232;166;224.5;464;
233;166;222.39;464;
234;166;232.17;476;
235;166;221.61;489;
236;166;225.32;479;
237;166;215.82;476;
238;166;218.58;447;
239;166;234.46;447;
240;166;239.12;479;
241;166;220.74;479;
242;166;231.66;440;
243;166;224.89;440;
244;166;227.56;479;
245;166;223.91;466;
246;166;222.85;427;
247;166;223.69;440;
248;166;214.67;415;
249;166;225.64;415;
250;166;226.06;438;
251;166;223.36;438;
252;166;228.29;451;
253;166;222.59;451;
254;166;212.65;403;
255;166;212.06;403;
256;166;211.59;403;
257;166;211.28;403;
258;166;216.4;403;
259;166;225.56;403;
260;166;216.71;429;
261;166;212.34;429;
262;166;217.53;445;
263;166;219.63;445;
264;166;214.37;469;
265;166;220.58;469;
266;166;231.15;469;
267;166;229.93;492;
268;166;240.4;492;
269;166;227.14;470;
270;166;220.22;493;
271;166;238.99;493;
272;166;233.16;471;
273;166;239.27;482;
274;166;245.56;493;
275;166;239.06;493;
276;166;234.96;521;
277;166;243.2;521;
278;166;226.4;514;
279;166;209.5;514;
280;166;223.31;517;
281;166;231.85;514;
282;166;248.0;534;
283;166;236.22;514;
284;166;234.37;514;
285;165;230.55;522;
286;165;219.07;522;
287;165;219.92;492;
288;164;243.65;492;
289;164;224.4;492;
290;164;225.88;492;
291;164;223.12;522;
292;164;220.41;522;
293;164;240.32;522;
294;164;264.39;522;
295;165;269.55;522;
296;165;228.3;522;
297;165;228.83;522;
298;165;235.12;522;
299;165;235.99;522;
300;164;239.98;522;
301;164;247.08;522;
302;164;233.67;492;
303;164;224.05;526;
304;164;230.84;526;
305;164;228.18;526;
306;165;239.94;526;
307;165;246.18;526;
308;165;228.24;526;
309;165;222.09;526;
310;165;222.8;526;
311;165;226.4;526;
312;165;214.69;526;
313;165;224.29;526;
314;165;215.93;502;
315;165;227.06;492;
316;165;238.36;476;
317;165;236.24;500;
318;165;241.33;500;
319;165;234.52;500;
320;165;217.82;500;
321;165;220.22;500;
322;165;223.6;500;
323;165;227.18;500;
324;165;240.88;500;
325;165;256.41;516;
326;165;238.35;487;
327;165;241.42;477;
328;165;230.79;475;
329;165;238.26;495;
330;165;236.27;479;
331;165;229.25;502;
332;165;239.83;502;
333;165;241.09;526;
334;165;222.12;526;
335;165;225.6;502;
336;165;223.27;479;
337;165;221.61;471;
338;165;222.64;495;
339;165;231.79;495;
340;165;228.8;483;
341;165;217.11;471;
342;165;225.23;471;
343;165;222.25;471;
344;165;231.57;471;
345;165;230.7;471;
346;165;246.7;471;
347;165;225.23;471;
348;165;224.29;471;
349;165;243.73;471;
350;165;237.26;474;
351;165;247.6;474;
352;165;220.36;442;
353;165;212.17;452;
354;165;211.24;450;
355;165;236.74;450;
356;165;233.22;450;
357;165;223.29;450;
358;165;210.92;450;
359;165;218.75;450;
360;165;217.38;455;
361;165;220.34;455;
362;165;222.83;455;
363;165;231.14;462;
364;165;227.87;476;
365;165;223.97;476;
366;165;225.6;476;
367;165;218.98;476;
368;165;218.47;437;
369;165;217.71;433;
370;165;215.41;433;
371;165;221.05;463;
372;165;209.96;435;
373;165;220.63;435;
374;165;228.3;435;
375;165;230.28;435;
376;165;227.44;456;
377;165;237.34;456;
378;165;222.44;468;
379;165;220.97;454;
380;165;216.34;454;
381;165;220.03;419;
382;165;208.07;393;
383;165;209.77;407;
384;165;210.92;407;
385;165;217.58;393;
386;165;222.19;360;
387;165;214.64;385;
388;165;219.85;409;
389;165;217.45;409;
390;165;226.52;389;
391;165;213.53;389;
392;165;218.0;404;
393;165;223.56;404;
394;165;224.98;404;
395;165;225.31;412;
396;165;239.81;438;
397;165;224.82;447;
398;165;222.89;447;
399;165;223.94;447;
400;165;212.65;447;
401;165;215.4;447;
402;165;229.97;452;
403;165;246.82;452;
404;165;234.23;476;
405;165;241.85;504;
406;165;238.21;515;
407;165;233.43;515;
408;165;237.37;515;
409;165;235.45;515;
410;165;228.25;522;
411;165;228.64;526;
412;165;240.83;526;
413;165;224.26;496;
414;165;215.96;496;
415;165;226.71;496;
416;165;240.09;496;
417;165;233.67;496;
418;165;231.26;496;
419;165;222.3;496;
420;165;220.51;427;
421;165;220.83;427;
422;165;215.93;462;
423;165;222.48;462;
424;165;233.87;466;
425;165;223.51;466;
426;165;229.06;466;
427;165;221.57;466;
428;165;242.36;466;
429;165;229.57;466;
430;165;232.29;483;
431;165;251.21;518;
432;165;243.39;518;
433;165;233.7;518;
434;165;229.0;518;
435;165;229.77;518;
436;165;234.89;527;
437;165;242.05;527;
438;165;250.56;527;
439;165;241.62;537;
440;165;238.54;527;
441;165;215.24;525;
442;165;229.18;525;
443;165;234.41;525;
444;165;249.91;525;
445;165;220.24;525;
446;165;231.28;525;
447;165;240.71;525;
448;165;238.77;525;
449;165;239.74;525;
450;165;239.86;512;
451;165;225.88;512;
452;165;218.94;512;
453;165;207.0;512;
454;165;210.35;425;
455;165;218.94;425;
456;165;225.0;425;
457;165;216.22;455;
458;165;215.96;421;
459;165;212.64;450;
460;165;207.64;450;
461;165;206.78;407;
462;165;203.55;386;
463;165;210.35;407;
464;165;212.91;407;
465;165;225.77;450;
466;165;225.34;450;
467;165;217.57;450;
468;165;220.02;450;
469;165;215.67;450;
470;165;215.53;464;
471;165;220.61;464;
472;164;233.3;464;
473;164;244.65;464;
474;164;239.17;464;
475;164;211.68;464;
476;164;221.53;464;
477;164;218.69;464;
478;164;224.55;464;
479;164;219.93;496;
480;164;213.57;480;
481;164;217.53;469;
482;164;219.34;462;
483;164;208.0;462;
484;164;210.16;462;
485;164;231.47;496;
486;164;221.87;496;
487;164;227.43;475;
488;164;235.17;475;
489;164;242.21;475;
490;164;239.68;494;
491;164;236.77;528;
492;164;236.24;528;
493;164;229.73;528;
494;164;242.87;509;
495;164;215.04;503;
496;164;221.47;503;
497;164;227.31;503;
498;164;225.53;503;
499;164;227.46;503;
500;164;232.92;503;
501;164;217.5;537;
502;164;219.59;537;
503;164;217.0;537;
504;164;233.79;537;
505;164;234.52;537;
506;164;225.46;537;
507;164;220.9;610;
508;164;227.99;537;
509;164;207.89;517;
510;164;211.7;517;
511;164;220.08;499;
512;164;238.93;503;
513;164;225.38;503;
514;164;214.78;478;
515;164;204.13;472;
516;164;219.0;472;
517;164;210.31;437;
518;164;202.93;421;
519;164;206.95;426;
520;163;212.02;426;
521;164;223.7;439;
522;164;234.17;478;
523;164;229.96;451;
524;164;224.91;451;
525;164;233.14;451;
526;163;236.86;451;
527;163;233.65;489;
528;163;230.79;489;
529;163;228.1;489;
530;162;248.43;505;
531;162;252.66;505;
532;162;268.48;506;
533;162;243.14;544;
534;162;238.75;533;
535;162;252.84;542;
536;162;248.41;561;
537;162;241.78;561;
538;162;255.2;572;
539;162;257.91;572;
540;162;241.59;572;
541;162;263.62;572;
542;162;249.22;572;
543;162;217.99;553;
544;162;236.76;553;
545;162;236.3;570;
546;162;262.5;565;
547;162;257.58;570;
548;162;253.13;595;
549;162;263.51;595;
550;162;235.65;595;
551;162;242.34;595;
552;162;232.03;620;
553;162;246.98;620;
554;162;238.32;593;
555;162;269.01;632;
556;162;263.42;593;
557;162;270.68;626;
558;162;251.95;626;
559;162;246.1;638;
560;162;250.21;638;
561;162;247.21;606;
562;162;240.76;606;
563;162;257.03;606;
564;162;238.37;589;
565;162;235.86;585;
566;162;234.9;601;
567;162;270.3;585;
568;162;259.7;618;
569;162;259.64;634;
570;162;241.88;624;
571;162;228.23;594;
572;162;241.6;585;
573;162;244.05;572;
574;162;260.83;572;
575;162;261.98;616;
576;162;255.97;601;
577;162;233.85;595;
578;162;248.09;595;
579;161;265.98;595;
580;161;242.57;588;
581;161;243.92;588;
582;161;220.84;595;
583;161;224.19;615;
584;161;226.69;619;
585;161;231.23;615;
586;161;252.05;657;
587;161;259.68;657;
588;161;267.66;657;
589;161;240.58;599;
590;161;250.53;599;
591;161;247.74;599;
592;160;267.63;599;
593;160;232.27;599;
594;160;236.2;599;
595;160;254.32;590;
596;160;235.63;590;
597;160;235.65;591;
598;160;241.65;567;
599;160;240.97;567;
600;160;234.66;567;
601;160;238.18;570;
602;160;243.02;570;
603;160;236.55;605;
604;160;250.5;605;
605;160;234.34;605;
606;159;216.82;609;
607;159;242.06;605;
608;160;219.46;605;
609;160;216.72;605;
610;160;231.56;644;
611;160;224.51;629;
612;160;246.7;629;
613;160;253.11;609;
614;160;255.49;683;
615;160;261.43;683;
616;160;228.78;683;
617;160;222.95;650;
618;160;237.27;675;
619;160;246.27;675;
620;159;240.14;655;
621;160;265.8;655;
622;160;268.82;655;
623;160;271.88;655;
624;159;259.26;655;
625;159;310.61;655;
626;160;242.92;655;
627;159;212.48;655;
628;159;229.63;655;
629;160;240.91;655;
630;160;260.11;655;
631;160;266.52;668;
632;160;267.17;707;
633;160;257.27;655;
634;160;246.58;655;
635;160;259.88;664;
636;160;243.88;664;
637;160;260.33;664;
638;160;241.35;664;
639;160;277.96;664;
640;160;271.52;664;
641;160;291.69;664;
642;160;257.31;655;
643;160;256.02;655;
644;160;271.49;712;
645;160;298.88;731;
646;160;298.23;731;
647;160;272.55;731;
648;160;248.47;709;
649;160;258.35;709;
650;160;268.55;709;
651;160;273.79;709;
652;160;270.85;690;
653;160;258.59;698;
654;160;250.2;690;
655;160;244.62;655;
656;160;274.16;655;
657;160;267.31;694;
658;160;293.01;694;
659;160;270.68;751;
660;160;289.55;751;
661;160;271.44;751;
662;160;245.73;751;
663;160;252.77;751;
664;160;261.93;722;
665;160;264.96;716;
666;160;272.31;678;
667;160;274.69;688;
668;160;233.63;688;
669;160;231.12;688;
670;160;271.75;688;
671;160;286.77;688;
672;160;259.44;688;
673;160;261.6;665;
674;160;303.56;715;
675;160;280.47;715;
676;160;276.91;715;
677;160;271.61;715;
678;160;298.46;694;
679;160;293.26;694;
680;160;264.55;694;
681;159;275.36;733;
682;160;284.39;697;
683;160;303.36;731;
684;160;274.07;731;
685;160;280.28;735;
686;159;247.51;731;
687;159;264.31;731;
688;159;264.56;731;
689;159;278.9;731;
690;159;274.31;731;
691;159;268.27;731;
692;159;259.44;731;
693;159;298.44;731;
694;159;287.03;770;
695;159;256.27;699;
696;159;291.86;699;
697;159;260.06;734;
698;159;233.46;699;
699;159;257.65;699;
700;159;270.79;699;
701;159;244.18;699;
702;159;252.03;699;
703;159;233.65;663;
704;157;242.14;617;
705;157;254.01;626;
706;157;266.97;626;
707;157;264.92;626;
708;157;241.72;637;
709;157;235.47;637;
710;157;224.3;626;
711;157;241.99;626;
712;157;252.28;626;
713;157;273.3;679;
714;157;251.24;626;
715;157;253.8;634;
716;157;242.94;634;
717;157;246.42;643;
718;157;277.67;634;
719;157;261.19;649;
720;157;281.56;649;
721;157;266.06;649;
722;157;284.84;649;
723;157;241.48;649;
724;157;227.08;629;
725;157;229.41;629;
726;157;245.59;629;
727;157;240.71;629;
728;157;247.93;629;
729;157;270.4;629;
730;157;260.86;629;
731;157;251.91;640;
732;157;240.28;640;
733;157;229.39;640;
734;157;231.71;640;
735;157;256.71;640;
736;157;228.28;640;
737;157;257.97;640;
738;157;248.66;640;
739;157;254.15;646;
740;157;251.11;646;
741;157;257.44;646;
742;157;289.15;646;
743;157;265.11;646;
744;157;233.47;646;
745;157;246.79;642;
746;157;230.34;642;
747;157;227.86;633;
748;156;248.47;683;
749;156;243.77;683;
750;156;263.6;683;
751;157;245.52;683;
752;157;268.47;683;
753;157;275.0;683;
754;157;259.95;683;
755;157;280.05;683;
756;157;264.72;683;
757;157;310.65;702;
758;157;266.18;702;
759;157;265.59;702;
760;157;289.08;702;
761;157;279.91;723;
762;157;265.99;697;
763;157;267.87;697;
764;157;255.94;697;
765;157;244.17;697;
766;157;256.84;674;
767;157;259.19;674;
768;157;276.05;674;
769;157;275.01;674;
770;157;292.22;674;
771;157;302.0;697;
772;157;281.09;676;
773;157;272.31;676;
774;157;245.33;673;
775;157;245.45;674;
776;157;250.08;668;
777;157;263.88;693;
778;157;242.62;687;
779;157;234.82;687;
780;157;241.03;687;
781;157;233.6;687;
782;157;270.06;687;
783;157;232.62;687;
784;157;256.32;687;
785;157;238.67;687;
786;157;251.29;687;
787;157;244.44;687;
788;157;244.73;687;
789;157;235.1;631;
790;157;230.96;631;
791;157;238.74;631;
792;157;233.8;631;
793;157;242.64;549;
794;157;250.4;663;
795;157;268.36;663;
796;157;234.59;566;
797;157;250.15;566;
798;157;268.06;581;
799;157;254.57;581;
800;157;241.93;581;
801;157;243.7;581;
802;157;264.56;573;
803;157;252.9;566;
804;157;253.11;566;
805;157;236.1;566;
806;157;239.48;566;
807;157;258.21;566;
808;157;247.57;566;
809;157;260.1;566;
810;157;249.98;566;
811;157;249.29;566;
812;157;252.95;566;
813;157;242.94;566;
814;157;252.68;594;
815;157;244.61;577;
816;157;238.39;577;
817;157;219.87;566;
818;157;230.43;566;
819;157;229.45;566;
820;157;236.86;566;
821;157;234.57;566;
822;157;223.19;533;
823;157;240.74;533;
824;157;237.39;532;
825;157;252.33;532;
826;157;245.61;532;
827;157;259.32;566;
828;157;231.35;566;
829;157;238.37;566;
830;157;246.76;566;
831;157;230.66;566;
832;157;237.92;589;
833;157;241.2;589;
834;157;260.94;589;
835;157;224.42;589;
836;157;227.97;589;
837;157;221.94;589;
838;157;217.01;589;
839;157;223.92;606;
840;157;226.27;589;
841;157;244.54;589;
842;157;257.99;563;
843;157;238.94;563;
844;157;232.85;563;
845;157;216.32;522;
846;157;236.47;522;
847;157;222.68;522;
848;157;240.75;533;
849;157;241.62;539;
850;157;258.58;539;
851;157;255.74;545;
852;157;231.45;539;
853;157;223.72;522;
854;157;245.64;522;
855;157;237.97;522;
856;157;223.69;543;
857;157;260.56;535;
858;157;275.68;535;
859;157;259.87;553;
860;157;261.62;553;
861;157;237.5;535;
862;157;231.73;535;
863;159;231.29;550;
864;159;243.11;535;
865;157;238.19;535;
866;157;233.19;522;
867;159;247.02;522;
868;159;244.37;554;
869;160;245.91;557;
870;160;239.91;589;
871;157;238.75;589;
872;157;233.0;589;
873;158;226.79;589;
874;160;244.84;557;
875;158;237.91;589;
876;157;240.91;568;
877;157;212.5;580;
878;157;238.64;613;
879;156;267.64;613;
880;157;277.2;613;
881;157;268.33;613;
882;157;271.97;613;
883;157;265.66;619;
884;157;276.74;629;
885;157;238.46;613;
886;157;268.22;626;
887;157;220.77;641;
888;157;241.71;641;
889;157;259.45;626;
890;157;255.99;626;
891;157;245.89;626;
892;157;297.33;626;
893;157;266.04;626;
894;157;247.46;626;
895;157;270.68;626;
896;157;274.38;626;
897;157;254.61;626;
898;157;227.38;596;
899;157;262.56;596;
900;157;259.82;628;
901;157;252.1;628;
902;157;278.92;643;
903;157;275.34;643;
904;157;270.87;651;
905;157;260.6;651;
906;156;268.03;676;
907;157;255.78;676;
908;156;235.37;676;
909;156;240.83;628;
910;156;248.8;628;
911;156;236.72;628;
912;156;229.77;628;
913;157;225.2;646;
914;156;223.87;628;
915;156;242.26;659;
916;157;254.67;659;
917;157;258.52;659;
918;157;267.49;659;
919;156;246.35;659;
920;156;251.38;659;
921;156;258.69;659;
922;156;278.81;659;
923;156;283.02;659;
924;157;283.83;659;
925;157;283.03;659;
926;157;263.58;659;
927;157;262.93;659;
928;157;272.97;690;
929;157;263.63;659;
930;157;253.79;669;
931;157;250.87;669;
932;157;249.31;709;
933;157;265.05;669;
934;157;281.21;684;
935;157;261.88;697;
936;157;272.79;684;
937;157;292.01;684;
938;157;288.52;684;
939;157;285.8;684;
940;157;257.29;695;
941;157;262.72;684;
942;157;272.03;684;
943;157;303.63;719;
944;157;282.04;719;
945;156;277.41;680;
946;156;234.52;659;
947;156;241.05;659;
948;156;246.09;668;
949;156;247.2;668;
950;156;286.16;659;
951;156;305.15;684;
952;156;265.81;659;
953;156;274.72;684;
954;156;260.94;691;
955;156;236.04;694;
956;156;262.26;694;
957;156;274.89;694;
958;156;266.79;694;
959;156;287.09;671;
960;156;262.15;671;
961;156;242.49;671;
962;156;237.31;690;
963;156;265.12;674;
964;156;264.31;641;
965;156;284.24;671;
966;156;250.97;689;
967;156;246.02;689;
968;156;259.96;689;
969;156;286.9;687;
970;156;267.86;689;
971;156;245.34;687;
972;156;264.79;673;
973;156;257.29;673;
974;156;272.52;673;
975;156;293.18;673;
976;156;273.7;673;
977;156;245.58;673;
978;156;263.97;698;
979;156;240.98;673;
980;156;244.09;698;
981;156;259.85;722;
982;156;235.62;675;
983;156;254.0;697;
984;156;258.01;697;
985;156;246.37;697;
986;156;283.1;722;
987;156;309.41;722;
988;156;297.13;736;
989;156;291.01;736;
990;156;284.88;722;
991;156;285.32;708;
992;156;268.12;722;
993;156;279.09;708;
994;156;294.71;708;
995;156;261.08;710;
996;156;244.11;738;
997;156;238.34;705;
998;156;227.97;651;
999;156;242.5;651;
1000;156;279.92;675;
